========[angus]========
  0: 0.228917
  1: 0.104226
  2: 0.096635
  3: 0.029687
  4: 0.199508
  5: 0.200366
  6: 0.108863
  7: 0.227517
  8: 0.100867
  9: 0.702633
----[angus]----
0.689085
0.186858
0.644631
0.029687
0.648494
0.398301
0.035422
0.042218
0.100867
0.100867
0.042218
0.644631
0.968332
0.199508
0.186858
0.813196
0.702633
0.200366
0.648494
0.358832
0.087327
0.034768
0.087327
0.398301
0.203444
0.644631
0.029687
0.064381
0.104226
0.031569
0.142263
0.289410
0.096635
0.813196
0.025769
0.289410
0.024667
Is angus: (25 / 37), 0.6757
Not angus: (12 / 37), 0.3243
----[ben]----
0.005852
0.010712
0.011750
0.006954
0.024394
0.024597
0.016678
0.194948
0.006703
0.006349
0.120158
0.015141
0.010773
1.073651
0.191906
0.006409
0.024394
0.020872
0.011498
0.015999
0.013346
0.012244
0.117842
0.011320
0.008956
0.011320
1.459886
0.059458
0.016907
1.459886
0.223125
0.016213
0.008956
0.013143
0.016149
0.011680
0.108880
2.529189
0.015141
0.012244
0.036281
0.259828
0.008956
0.017773
0.015336
0.223125
0.076748
0.010309
0.016874
0.075328
0.120158
0.016149
0.017578
0.059558
0.011138
0.194948
0.007619
0.015336
0.010773
1.331349
0.016149
0.018983
0.016149
0.010953
0.010972
0.006139
0.016365
0.194948
0.289798
0.010972
0.011750
0.015336
0.013143
0.005852
0.063739
0.008956
0.194948
0.714673
2.481159
0.015141
0.011750
0.013143
0.006349
0.016365
0.015336
0.063442
0.076748
0.015999
0.063442
0.142902
0.120158
0.075328
0.016149
0.120158
0.223125
0.191906
0.012447
0.010972
0.007619
Is angus: (92 / 99), 0.9293
Not angus: (7 / 99), 0.0707
----[joan]----
0.006054
0.006637
0.006479
0.005103
0.006191
0.006160
0.006466
0.005249
0.005071
0.006435
0.006633
0.006562
0.006721
0.006203
0.006160
0.006334
0.005647
0.005452
0.006518
7.496781
0.006463
0.006186
0.005042
0.006181
0.006378
0.006562
0.005091
0.005468
0.006511
0.006463
0.006736
0.006008
0.006373
0.006721
0.005225
0.006435
0.005313
0.006203
0.005555
0.005553
0.005225
0.005091
0.006562
0.005846
0.006633
0.006378
0.006466
0.006436
0.005467
0.006554
0.006369
0.006191
0.005647
0.005050
0.006369
0.006235
0.005387
0.006736
0.005249
0.006378
0.005313
0.005102
0.005091
0.006158
0.005249
0.005647
0.006721
0.006235
0.006633
0.006373
0.006210
0.006633
0.006552
0.006437
0.006369
0.005103
0.005040
0.006280
0.006054
0.006160
0.006532
0.005191
0.006633
0.005049
0.006265
0.006369
0.005057
0.005249
0.006341
0.006721
0.005846
0.006554
0.006437
0.005745
0.006435
0.005745
0.005387
0.006611
0.092460
0.005647
Is angus: (99 / 100), 0.9900
Not angus: (1 / 100), 0.0100
----[michelle]----
0.139058
0.215404
0.074314
0.139058
0.399954
0.250845
0.434057
1.225400
0.190416
1.004576
0.158383
0.074314
0.134962
0.139058
0.228870
0.162475
0.099184
0.195091
0.273861
0.123936
0.215404
0.104360
0.230365
0.250845
0.088818
0.115997
0.434057
0.215404
0.138757
0.162475
0.199447
0.199447
0.327473
0.360653
0.405879
0.430230
0.117361
0.094724
0.230365
0.099184
0.405879
0.285162
0.223825
0.315905
0.567640
0.134962
0.117642
0.399954
0.434057
0.333219
0.250737
0.105178
0.250845
0.315905
0.228870
0.434057
0.160233
0.139058
0.250845
0.215404
0.762471
Is angus: (48 / 61), 0.7869
Not angus: (13 / 61), 0.2131
----[solos]----
0.042080
0.170952
2.086407
0.022749
0.088585
0.871913
0.055034
0.425244
0.342165
0.017294
0.062193
0.174304
0.253674
0.104275
0.437880
0.436989
0.098070
0.336750
0.093320
3.273793
0.045336
0.947233
0.557987
0.169164
0.059504
2.086407
0.712181
0.111394
0.322791
0.425244
0.674570
0.062193
0.259491
0.031509
0.038300
0.174304
0.947233
0.595208
2.458580
0.425244
0.557987
0.229566
0.650879
0.184928
0.031509
0.228408
0.426772
0.030139
0.118475
1.350649
0.674570
0.042080
0.446459
0.111095
0.557987
0.436989
0.285315
0.033141
0.595208
0.173723
0.404851
0.063623
0.113938
0.066957
0.156271
0.041846
0.102192
0.054398
0.335665
0.761256
0.068085
0.188993
0.674570
0.033897
0.218018
0.043264
0.088585
0.446662
2.607112
0.068747
0.102192
17.636770
0.247710
0.802943
0.054398
0.245233
0.030217
0.055034
0.275287
0.075447
0.396557
0.595208
0.957793
0.066957
3.273793
0.170952
0.446662
0.446662
0.048306
0.210910
Is angus: (62 / 100), 0.6200
Not angus: (38 / 100), 0.3800
----[yui]----
0.472195
0.312588
0.227598
0.549578
0.152732
0.170169
0.192498
0.202100
0.213683
0.397915
0.170169
0.343116
0.309780
0.305053
0.202100
0.179837
0.397672
0.315881
0.107076
0.148786
0.272218
0.445989
0.202100
0.781561
0.339887
0.781561
0.289768
0.234137
0.202975
0.202100
0.568395
0.272218
0.047672
2.370440
0.054171
0.205432
0.240188
0.309780
0.312588
0.243702
0.549578
0.366968
0.472195
0.237093
0.272106
0.994256
0.315881
0.509200
0.657912
0.205432
0.107076
0.289768
0.657912
0.445989
0.148786
0.214841
0.170169
0.272218
0.567551
0.240188
0.182907
0.240188
0.343116
0.170169
0.214841
0.306103
0.549578
0.182907
0.657912
0.177426
0.474519
0.204930
0.379712
0.182907
0.243702
1.463342
0.542279
0.179837
0.177426
0.204930
0.233364
0.779004
0.568395
0.272218
0.295682
1.789682
0.445989
0.184251
0.210408
0.202975
0.054171
0.227598
Is angus: (65 / 92), 0.7065
Not angus: (27 / 92), 0.2935
